[FormComisionesVendedores]
FormVersion=0
ShowCmd=1
Flags=0
PixelsPerInch=96
MinMaxPos(1920x1080)=-1,-1,-1,-1
MinMaxPos=-1,-1,-1,-1
NormPos(1920x1080)=223,144,1089,695
NormPos=223,144,1089,695
ActiveControl=btNuevo
MinMaxPos(3840x1082)=-1,-1,-1,-1
NormPos(3840x1082)=223,144,1089,695
MinMaxPos(3840x1080)=-1,-1,-1,-1
NormPos(3840x1080)=223,144,1089,695

