[FormComposicionIngresos]
FormVersion=0
ShowCmd=1
Flags=0
PixelsPerInch=96
MinMaxPos(3840x1080)=-1,-1,-4,-4
MinMaxPos=-1,-1,-4,-4
NormPos(3840x1080)=366,103,1453,801
NormPos=366,103,1453,801
ActiveControl=btBuscar
MinMaxPos(7280x1440)=-1,-1,-4,-4
NormPos(7280x1440)=366,103,1453,801
MinMaxPos(4480x1200)=-1,-1,-4,-4
NormPos(4480x1200)=366,103,1453,801

