[FormListadoVta_SucursalCliente]
FormVersion=0
ShowCmd=1
Flags=0
PixelsPerInch=96
MinMaxPos(1366x768)=-1,-1,-1,-1
MinMaxPos=-1,-1,-1,-1
NormPos(1366x768)=173,94,951,637
NormPos=173,94,956,637
ActiveControl=Desde
MinMaxPos(1280x1024)=-1,-1,-1,-1
NormPos(1280x1024)=173,94,951,637
MinMaxPos(2646x1024)=-1,-1,-1,-1
NormPos(2646x1024)=173,94,956,637

