[FormRubroClientes]
FormVersion=0
ShowCmd=1
Flags=0
PixelsPerInch=96
MinMaxPos(3840x1080)=-1,-1,-1,-1
MinMaxPos=-1,-1,-1,-1
NormPos(3840x1080)=264,180,976,363
NormPos=264,180,976,363
ActiveControl=btNuevo
MinMaxPos(1920x1080)=-1,-1,-1,-1
NormPos(1920x1080)=264,180,976,363
MinMaxPos(4480x1200)=-1,-1,-1,-1
NormPos(4480x1200)=264,180,976,363

