[FormRemplazoCheques]
FormVersion=0
ShowCmd=1
Flags=0
PixelsPerInch=96
MinMaxPos(2560x1080)=-1,-1,-1,-1
MinMaxPos=-1,-1,-1,-1
NormPos(2560x1080)=366,136,1100,807
NormPos=1204,217,1999,888
ActiveControl=BitBtn1
MinMaxPos(3840x1080)=-1,-1,-1,-1
NormPos(3840x1080)=366,136,1100,807
MinMaxPos(5360x1440)=-1,-1,-1,-1
NormPos(5360x1440)=1204,217,1999,888

