[FormLiquidacionTC]
FormVersion=0
ShowCmd=1
Flags=0
PixelsPerInch=96
MinMaxPos(1920x1080)=-1,-1,-4,-4
MinMaxPos=-1,-1,-4,-4
NormPos(1920x1080)=360,68,1198,817
NormPos=360,68,1198,817
ActiveControl=btNuevo
MinMaxPos(4480x1080)=-1,-1,-4,-4
NormPos(4480x1080)=360,68,1198,817
MinMaxPos(3840x1158)=-1,-1,-4,-4
NormPos(3840x1158)=360,68,1198,817

