[FormSectoresProduccion]
FormVersion=0
ShowCmd=1
Flags=0
PixelsPerInch=96
MinMaxPos(3840x1080)=-1,-1,-1,-1
MinMaxPos=-1,-1,-1,-1
NormPos(3840x1080)=264,180,1042,355
NormPos=1600,581,2378,756
ActiveControl=btSalir
MinMaxPos(2560x1080)=-1,-1,-1,-1
NormPos(2560x1080)=264,180,1042,355
MinMaxPos(3440x1440)=-1,-1,-1,-1
NormPos(3440x1440)=1600,581,2378,756

