[FormProveedor_2]
FormVersion=0
ShowCmd=1
Flags=0
PixelsPerInch=96
MinMaxPos(1360x768)=-1,-1,-1,-1
MinMaxPos=-1,-1,-1,-1
NormPos(1360x768)=238,62,1012,562
NormPos=238,62,1012,562
ActiveControl=btSalir
MinMaxPos(1366x768)=-1,-1,-1,-1
NormPos(1366x768)=238,62,1012,562
MinMaxPos(3286x1080)=-1,-1,-1,-1
NormPos(3286x1080)=238,62,1012,562

