[FormFacModelo]
FormVersion=0
ShowCmd=1
Flags=0
PixelsPerInch=96
MinMaxPos(3840x1082)=-1,-1,-1,-1
MinMaxPos=-1,-1,-1,-1
NormPos(3840x1082)=419,131,1133,638
NormPos=419,131,1133,638
ActiveControl=btNuevo
MinMaxPos(1920x1080)=-1,-1,-1,-1
NormPos(1920x1080)=419,131,1133,638
MinMaxPos(3840x1080)=-1,-1,-1,-1
NormPos(3840x1080)=419,131,1133,638

