[FormMarca_2]
FormVersion=0
ShowCmd=1
Flags=0
PixelsPerInch=96
MinMaxPos(3840x1080)=-1,-1,-1,-1
MinMaxPos=-1,-1,-1,-1
NormPos(3840x1080)=453,211,1044,410
NormPos=453,211,1044,410
ActiveControl=btNuevo
MinMaxPos(4480x1200)=-1,-1,-1,-1
NormPos(4480x1200)=453,211,1044,410
MinMaxPos(2560x1080)=-1,-1,-1,-1
NormPos(2560x1080)=453,211,1044,410

