[FormPedidosMorphi]
FormVersion=0
ShowCmd=1
Flags=0
PixelsPerInch=96
MinMaxPos(3840x1080)=-1,-1,-4,-4
MinMaxPos=-1,-1,-4,-4
NormPos(3840x1080)=1656,146,2476,837
NormPos=832,156,1652,847
ActiveControl=dbgCabecera
MinMaxPos(5360x1440)=-1,-1,-4,-4
NormPos(5360x1440)=1656,146,2476,837
MinMaxPos(4480x1200)=-1,-1,-4,-4
NormPos(4480x1200)=832,156,1652,847

