[FormFiltroCpbte_Compra]
FormVersion=0
ShowCmd=1
Flags=0
PixelsPerInch=96
MinMaxPos(1920x1080)=-1,-1,-1,-1
MinMaxPos=-1,-1,-1,-1
NormPos(1920x1080)=289,129,1345,688
NormPos=289,129,1345,688
ActiveControl=btNuevo
MinMaxPos(3840x1080)=-1,-1,-1,-1
NormPos(3840x1080)=289,129,1345,688
MinMaxPos(4480x1200)=-1,-1,-1,-1
NormPos(4480x1200)=289,129,1345,688

