[FormPlantillaRecepReparto]
FormVersion=0
ShowCmd=1
Flags=0
PixelsPerInch=96
MinMaxPos(3840x1082)=-1,-1,-1,-1
MinMaxPos=-1,-1,-1,-1
NormPos(3840x1082)=554,133,1172,727
NormPos=554,133,1172,727
ActiveControl=dbgPlantilla
MinMaxPos(3840x1080)=-1,-1,-1,-1
NormPos(3840x1080)=554,133,1172,727
MinMaxPos(1920x1080)=-1,-1,-1,-1
NormPos(1920x1080)=554,133,1172,727

