[FormFacModelo]
FormVersion=0
ShowCmd=1
Flags=0
PixelsPerInch=96
MinMaxPos(3840x1080)=-1,-1,-1,-1
MinMaxPos=-1,-1,-1,-1
NormPos(3840x1080)=1373,244,2087,751
NormPos=1373,244,2087,751
ActiveControl=btNuevo
MinMaxPos(6400x1200)=-1,-1,-1,-1
NormPos(6400x1200)=1373,244,2087,751
MinMaxPos(4480x1200)=-1,-1,-1,-1
NormPos(4480x1200)=1373,244,2087,751

