[FormSucursal]
FormVersion=0
ShowCmd=1
Flags=0
PixelsPerInch=96
MinMaxPos(3840x1080)=-1,-1,-1,-1
MinMaxPos=-1,-1,-1,-1
NormPos(3840x1080)=278,133,907,620
NormPos=278,133,907,620
ActiveControl=btSalir
MinMaxPos(6400x1200)=-1,-1,-1,-1
NormPos(6400x1200)=278,133,907,620
MinMaxPos(3440x1440)=-1,-1,-1,-1
NormPos(3440x1440)=278,133,907,620

