[FormOProduccionIniciadas]
FormVersion=0
ShowCmd=1
Flags=0
PixelsPerInch=96
MinMaxPos(1280x1024)=-1,-1,-1,-1
MinMaxPos=-1,-1,-1,-1
NormPos(1280x1024)=326,205,905,628
NormPos=326,205,905,628
ActiveControl=btSalir
MinMaxPos(1920x1080)=-1,-1,-1,-1
NormPos(1920x1080)=326,205,905,628
MinMaxPos(1366x768)=-1,-1,-1,-1
NormPos(1366x768)=326,205,905,628

