[FormReAsignacionPedidos]
FormVersion=0
ShowCmd=1
Flags=0
PixelsPerInch=96
MinMaxPos(4652x1080)=-1,-1,-8,-8
MinMaxPos=-1,-1,-4,-4
NormPos(4652x1080)=264,180,1433,813
NormPos=264,180,1433,813
ActiveControl=ceCliente
MinMaxPos(3840x1082)=-1,-1,-8,-8
NormPos(3840x1082)=264,180,1433,813
MinMaxPos(3840x1080)=-1,-1,-4,-4
NormPos(3840x1080)=264,180,1433,813

