[FormConceptosBancarios]
FormVersion=0
ShowCmd=1
Flags=0
PixelsPerInch=96
MinMaxPos(2560x1080)=-1,-1,-1,-1
MinMaxPos=-1,-1,-1,-1
NormPos(2560x1080)=334,172,961,339
NormPos=334,172,961,339
ActiveControl=btNuevo
MinMaxPos(3840x1080)=-1,-1,-1,-1
NormPos(3840x1080)=334,172,961,339
MinMaxPos(6400x1200)=-1,-1,-1,-1
NormPos(6400x1200)=334,172,961,339

