[FormImportarRubroExcel]
FormVersion=0
ShowCmd=1
Flags=0
PixelsPerInch=96
MinMaxPos(1366x768)=-1,-1,-1,-1
MinMaxPos=-1,-1,-1,-1
NormPos(1366x768)=289,118,880,613
NormPos=289,118,880,613
ActiveControl=btImportar
MinMaxPos(2646x1024)=-1,-1,-1,-1
NormPos(2646x1024)=289,118,880,613
MinMaxPos(1360x768)=-1,-1,-1,-1
NormPos(1360x768)=289,118,880,613

