[FormEgresoCaja]
FormVersion=0
ShowCmd=1
Flags=0
PixelsPerInch=96
MinMaxPos(1360x768)=-1,-1,-1,-1
MinMaxPos=-1,-1,-1,-1
NormPos(1360x768)=146,18,919,630
NormPos=209,98,982,710
ActiveControl=pnValores
MinMaxPos(3046x1050)=-1,-1,-1,-1
NormPos(3046x1050)=146,18,919,630
MinMaxPos(5206x1080)=-1,-1,-1,-1
NormPos(5206x1080)=209,98,982,710

