[FormAjusteStockCero]
FormVersion=0
ShowCmd=1
Flags=0
PixelsPerInch=96
MinMaxPos(3286x1080)=-1,-1,-1,-1
MinMaxPos=-1,-1,-1,-1
NormPos(3286x1080)=325,91,971,706
NormPos=329,45,975,660
ActiveControl=btSalir
MinMaxPos(4652x1080)=-1,-1,-1,-1
NormPos(4652x1080)=325,91,971,706
MinMaxPos(1360x768)=-1,-1,-1,-1
NormPos(1360x768)=329,45,975,660

