[FormCargos]
FormVersion=0
ShowCmd=1
Flags=0
PixelsPerInch=96
MinMaxPos(1280x1024)=-1,-1,-1,-1
MinMaxPos=-1,-1,-1,-1
NormPos(1280x1024)=285,163,923,338
NormPos=285,163,923,338
ActiveControl=btNuevo
MinMaxPos(1366x768)=-1,-1,-1,-1
NormPos(1366x768)=285,163,923,338
MinMaxPos(3286x1080)=-1,-1,-1,-1
NormPos(3286x1080)=285,163,923,338

