[FormCategoriasClientes]
FormVersion=0
ShowCmd=1
Flags=0
PixelsPerInch=96
MinMaxPos(2646x1024)=-1,-1,-1,-1
MinMaxPos=-1,-1,-1,-1
NormPos(2646x1024)=437,147,1075,330
NormPos=437,147,1075,330
ActiveControl=btSalir
MinMaxPos(4652x1080)=-1,-1,-1,-1
NormPos(4652x1080)=437,147,1075,330
MinMaxPos(5206x1080)=-1,-1,-1,-1
NormPos(5206x1080)=437,147,1075,330

