[FormRetIva_EfectuadasLiq]
FormVersion=0
ShowCmd=1
Flags=0
PixelsPerInch=96
MinMaxPos(3840x1082)=-1,-1,-1,-1
MinMaxPos=-1,-1,-1,-1
NormPos(3840x1082)=284,46,1419,653
NormPos=262,116,1397,723
ActiveControl=dbgDetalle
MinMaxPos(1920x1080)=-1,-1,-1,-1
NormPos(1920x1080)=284,46,1419,653
MinMaxPos(3840x1080)=-1,-1,-1,-1
NormPos(3840x1080)=262,116,1397,723

