[FormListadoRecibos]
FormVersion=0
ShowCmd=1
Flags=0
PixelsPerInch=96
MinMaxPos(4652x1080)=-1,-1,-1,-1
MinMaxPos=-1,-1,-1,-1
NormPos(4652x1080)=386,138,1284,769
NormPos=386,138,1284,769
ActiveControl=btImprimir
MinMaxPos(4566x1084)=-1,-1,-1,-1
NormPos(4566x1084)=386,138,1284,769
MinMaxPos(5206x1080)=-1,-1,-1,-1
NormPos(5206x1080)=386,138,1284,769

