[FormProductos]
FormVersion=0
ShowCmd=1
Flags=0
PixelsPerInch=96
MinMaxPos(1366x768)=-1,-1,-1,-1
MinMaxPos=-1,-1,-1,-1
NormPos(1366x768)=281,112,992,634
NormPos=281,112,992,634
ActiveControl=btNuevo
MinMaxPos(1280x1024)=-1,-1,-1,-1
NormPos(1280x1024)=281,112,992,634
MinMaxPos(3286x1080)=-1,-1,-1,-1
NormPos(3286x1080)=281,112,992,634

