[FormResumenCaja]
FormVersion=0
ShowCmd=1
Flags=0
PixelsPerInch=96
MinMaxPos(2646x1024)=-1,-1,-1,-1
MinMaxPos=-1,-1,-1,-1
NormPos(2646x1024)=139,125,1209,787
NormPos=139,125,1209,787
ActiveControl=Button1
MinMaxPos(4652x1080)=-1,-1,-1,-1
NormPos(4652x1080)=139,125,1209,787
MinMaxPos(3286x1080)=-1,-1,-1,-1
NormPos(3286x1080)=139,125,1209,787

