[FormRemplazoChequesTerceros]
FormVersion=0
ShowCmd=1
Flags=0
PixelsPerInch=96
MinMaxPos(3840x1099)=-1,-1,-1,-1
MinMaxPos=-1,-1,-1,-1
NormPos(3840x1099)=391,87,1120,628
NormPos=556,57,1304,598
ActiveControl=btSalir
MinMaxPos(1920x1080)=-1,-1,-1,-1
NormPos(1920x1080)=391,87,1120,628
MinMaxPos(3840x1082)=-1,-1,-1,-1
NormPos(3840x1082)=556,57,1304,598

