[FormListadoOpercionesCliente]
FormVersion=0
ShowCmd=1
Flags=0
PixelsPerInch=96
MinMaxPos(3840x1099)=-1,-1,-1,-1
MinMaxPos=-1,-1,-1,-1
NormPos(3840x1099)=282,84,1067,659
NormPos=282,84,1067,659
ActiveControl=btSalir
MinMaxPos(3840x1082)=-1,-1,-1,-1
NormPos(3840x1082)=282,84,1067,659
MinMaxPos(1360x768)=-1,-1,-1,-1
NormPos(1360x768)=282,84,1067,659

