[FormFiscalizacionLote]
FormVersion=0
ShowCmd=1
Flags=0
PixelsPerInch=96
MinMaxPos(3840x1082)=-1,-1,-4,-4
MinMaxPos=-1,-1,-4,-4
NormPos(3840x1082)=218,81,1446,776
NormPos=218,81,1446,776
ActiveControl=dbgFacturas
MinMaxPos(3840x1158)=-1,-1,-4,-4
NormPos(3840x1158)=218,81,1446,776
MinMaxPos(3840x1080)=-1,-1,-4,-4
NormPos(3840x1080)=218,81,1446,776

