[FormRelacionStockProveedor]
FormVersion=0
ShowCmd=1
Flags=0
PixelsPerInch=96
MinMaxPos(1366x768)=-1,-1,-1,-1
MinMaxPos=-1,-1,-1,-1
NormPos(1366x768)=224,131,911,682
NormPos=224,131,911,682
ActiveControl=ceProveedor
MinMaxPos(1280x1024)=-1,-1,-1,-1
NormPos(1280x1024)=224,131,911,682
MinMaxPos(2646x1024)=-1,-1,-1,-1
NormPos(2646x1024)=224,131,911,682

