[FormListadoDebitosBco]
FormVersion=0
ShowCmd=1
Flags=0
PixelsPerInch=96
MinMaxPos(6400x1200)=-1,-1,-1,-1
MinMaxPos=-1,-1,-1,-1
NormPos(6400x1200)=401,84,1213,623
NormPos=401,84,1213,623
ActiveControl=BitBtn4
MinMaxPos(3840x1080)=-1,-1,-1,-1
NormPos(3840x1080)=401,84,1213,623
MinMaxPos(2560x1080)=-1,-1,-1,-1
NormPos(2560x1080)=401,84,1213,623

