[FormSubRubros_2]
FormVersion=0
ShowCmd=1
Flags=0
PixelsPerInch=96
MinMaxPos(3840x1080)=-1,-1,-1,-1
MinMaxPos=-1,-1,-1,-1
NormPos(3840x1080)=253,183,1031,382
NormPos=253,183,1031,382
ActiveControl=btNuevo
MinMaxPos(6400x1200)=-1,-1,-1,-1
NormPos(6400x1200)=253,183,1031,382
MinMaxPos(2560x1080)=-1,-1,-1,-1
NormPos(2560x1080)=253,183,1031,382

