[FormReasignaCtasGastosIngresos]
FormVersion=0
ShowCmd=1
Flags=0
PixelsPerInch=96
MinMaxPos(1366x768)=-1,-1,-1,-1
MinMaxPos=-1,-1,-1,-1
NormPos(1366x768)=403,85,1031,684
NormPos=403,85,1031,684
ActiveControl=BitBtn1
MinMaxPos(1280x1024)=-1,-1,-1,-1
NormPos(1280x1024)=403,85,1031,684
MinMaxPos(2646x1024)=-1,-1,-1,-1
NormPos(2646x1024)=403,85,1031,684

