[FormFacturarModelos]
FormVersion=0
ShowCmd=1
Flags=0
PixelsPerInch=96
MinMaxPos(1366x768)=-1,-1,-1,-1
MinMaxPos=-1,-1,-1,-1
NormPos(1366x768)=269,46,981,501
NormPos=269,46,981,501
ActiveControl=btConfirma
MinMaxPos(1280x1024)=-1,-1,-1,-1
NormPos(1280x1024)=269,46,981,501
MinMaxPos(2646x1024)=-1,-1,-1,-1
NormPos(2646x1024)=269,46,981,501

