[FormAjusteCCProveedores]
FormVersion=0
ShowCmd=1
Flags=0
PixelsPerInch=96
MinMaxPos(2646x1024)=-1,-1,-1,-1
MinMaxPos=-1,-1,-1,-1
NormPos(2646x1024)=383,136,1056,521
NormPos=383,136,1056,521
ActiveControl=btSalir
MinMaxPos(3286x1080)=-1,-1,-1,-1
NormPos(3286x1080)=383,136,1056,521
MinMaxPos(4652x1080)=-1,-1,-1,-1
NormPos(4652x1080)=383,136,1056,521

