[FormControlSaldoCtaCteVta]
FormVersion=0
ShowCmd=1
Flags=0
PixelsPerInch=96
MinMaxPos(1366x768)=-1,-1,-1,-1
MinMaxPos=-1,-1,-1,-1
NormPos(1366x768)=222,84,1121,611
NormPos=222,84,1121,611
ActiveControl=dbgFc
MinMaxPos(3286x1080)=-1,-1,-1,-1
NormPos(3286x1080)=222,84,1121,611
MinMaxPos(2646x1024)=-1,-1,-1,-1
NormPos(2646x1024)=222,84,1121,611

