[FormPedidosMorphi]
FormVersion=0
ShowCmd=1
Flags=0
PixelsPerInch=96
MinMaxPos(3840x1080)=-1,-1,-4,-4
MinMaxPos=-1,-1,-4,-4
NormPos(3840x1080)=1656,146,2476,837
NormPos=670,144,1490,835
ActiveControl=dbcDeposito
MinMaxPos(5360x1440)=-1,-1,-4,-4
NormPos(5360x1440)=1656,146,2476,837
MinMaxPos(4480x1200)=-1,-1,-4,-4
NormPos(4480x1200)=670,144,1490,835

