[FormProveedor_2]
FormVersion=0
ShowCmd=1
Flags=0
PixelsPerInch=96
MinMaxPos(3840x1082)=-1,-1,-1,-1
MinMaxPos=-1,-1,-1,-1
NormPos(3840x1082)=547,124,1321,624
NormPos=547,124,1321,624
ActiveControl=btSalir
MinMaxPos(1920x1080)=-1,-1,-1,-1
NormPos(1920x1080)=547,124,1321,624
MinMaxPos(3840x1080)=-1,-1,-1,-1
NormPos(3840x1080)=547,124,1321,624

