[FormAsignaCodigoBarra]
FormVersion=0
ShowCmd=1
Flags=0
PixelsPerInch=96
MinMaxPos(3840x1099)=-1,-1,-8,-8
MinMaxPos=-1,-1,-8,-8
NormPos(3840x1099)=206,170,1272,813
NormPos=285,129,1351,772
ActiveControl=edBuscador
MinMaxPos(3840x1082)=-1,-1,-8,-8
NormPos(3840x1082)=206,170,1272,813
MinMaxPos(3840x1080)=-1,-1,-8,-8
NormPos(3840x1080)=285,129,1351,772

