[FormConfiguraIni]
FormVersion=0
ShowCmd=1
Flags=0
PixelsPerInch=96
MinMaxPos(1920x1080)=-1,-1,-4,-4
MinMaxPos=-1,-1,-4,-4
NormPos(1920x1080)=370,97,1211,813
NormPos=370,97,1211,813
ActiveControl=btSalir
MinMaxPos(4480x1080)=-1,-1,-4,-4
NormPos(4480x1080)=370,97,1211,813
MinMaxPos(3840x1158)=-1,-1,-4,-4
NormPos(3840x1158)=370,97,1211,813

