[FormLeerCopola]
FormVersion=0
ShowCmd=1
Flags=0
PixelsPerInch=96
MinMaxPos(3840x1082)=-1,-1,-8,-8
MinMaxPos=-1,-1,-8,-8
NormPos(3840x1082)=149,59,1504,822
NormPos=246,39,1601,802
ActiveControl=btBuscar
MinMaxPos(1920x1080)=-1,-1,-8,-8
NormPos(1920x1080)=246,39,1601,802
MinMaxPos(3840x1080)=-1,-1,-8,-8
NormPos(3840x1080)=149,59,1504,822

