[FormUsuariosAutorizan]
FormVersion=0
ShowCmd=1
Flags=0
PixelsPerInch=96
MinMaxPos(2560x1080)=-1,-1,-1,-1
MinMaxPos=-1,-1,-1,-1
NormPos(2560x1080)=424,97,803,474
NormPos=424,97,803,474
ActiveControl=btSalir
MinMaxPos(6400x1200)=-1,-1,-1,-1
NormPos(6400x1200)=424,97,803,474
MinMaxPos(3840x1080)=-1,-1,-1,-1
NormPos(3840x1080)=424,97,803,474

