[FormListadoNotaPedido]
FormVersion=0
ShowCmd=1
Flags=0
PixelsPerInch=96
MinMaxPos(3840x1099)=-1,-1,-1,-1
MinMaxPos=-1,-1,-1,-1
NormPos(3840x1099)=218,159,929,652
NormPos=218,159,929,652
ActiveControl=dbgCabecera
MinMaxPos(1920x1080)=-1,-1,-1,-1
NormPos(1920x1080)=218,159,929,652
MinMaxPos(3840x1082)=-1,-1,-1,-1
NormPos(3840x1082)=218,159,929,652

