[FormGastosRubro]
FormVersion=0
ShowCmd=1
Flags=0
PixelsPerInch=96
MinMaxPos(1280x1024)=-1,-1,-1,-1
MinMaxPos=-1,-1,-1,-1
NormPos(1280x1024)=256,210,852,393
NormPos=256,210,852,393
ActiveControl=btSalir
MinMaxPos(1366x768)=-1,-1,-1,-1
NormPos(1366x768)=256,210,852,393
MinMaxPos(2646x1024)=-1,-1,-1,-1
NormPos(2646x1024)=256,210,852,393

