[FormListadoRelacionCompraVenta]
FormVersion=0
ShowCmd=1
Flags=0
PixelsPerInch=96
MinMaxPos(3840x1082)=-1,-1,-1,-1
MinMaxPos=-1,-1,-8,-8
NormPos(3840x1082)=179,29,1044,580
NormPos=358,145,1223,840
ActiveControl=dbgDetalle
MinMaxPos(1920x1080)=-1,-1,-1,-1
NormPos(1920x1080)=179,29,1044,580
MinMaxPos(3840x1080)=-1,-1,-8,-8
NormPos(3840x1080)=358,145,1223,840

