[Formpresentaciones]
FormVersion=0
ShowCmd=1
Flags=0
PixelsPerInch=96
MinMaxPos(1366x768)=-1,-1,-1,-1
MinMaxPos=-1,-1,-1,-1
NormPos(1366x768)=247,196,860,371
NormPos=247,196,860,371
ActiveControl=btSalir
MinMaxPos(1280x1024)=-1,-1,-1,-1
NormPos(1280x1024)=247,196,860,371
MinMaxPos(2646x1024)=-1,-1,-1,-1
NormPos(2646x1024)=247,196,860,371

