[FormLista_Stock_Rub_SubRub]
FormVersion=0
ShowCmd=1
Flags=0
PixelsPerInch=96
MinMaxPos(3840x1099)=-1,-1,-8,-8
MinMaxPos=-1,-1,-8,-8
NormPos(3840x1099)=185,111,1202,809
NormPos=435,53,1452,751
ActiveControl=btSalir
MinMaxPos(3840x1082)=-1,-1,-8,-8
NormPos(3840x1082)=435,53,1452,751
MinMaxPos(1920x1080)=-1,-1,-8,-8
NormPos(1920x1080)=185,111,1202,809

