[FormAdminTransporte]
FormVersion=0
ShowCmd=1
Flags=0
PixelsPerInch=96
MinMaxPos(3840x1099)=-1,-1,-8,-8
MinMaxPos=-1,-1,-8,-8
NormPos(3840x1099)=264,180,1204,856
NormPos=264,180,1204,856
ActiveControl=btNuevo
MinMaxPos(3840x1082)=-1,-1,-8,-8
NormPos(3840x1082)=264,180,1204,856
MinMaxPos(3840x1080)=-1,-1,-8,-8
NormPos(3840x1080)=264,180,1204,856

