[FormTransferenciasInterbancarias]
FormVersion=0
ShowCmd=1
Flags=0
PixelsPerInch=96
MinMaxPos(1366x768)=-1,-1,-1,-1
MinMaxPos=-1,-1,-1,-1
NormPos(1366x768)=199,153,852,424
NormPos=263,234,916,505
ActiveControl=btSalir
MinMaxPos(1280x1024)=-1,-1,-1,-1
NormPos(1280x1024)=199,153,852,424
MinMaxPos(2646x1024)=-1,-1,-1,-1
NormPos(2646x1024)=263,234,916,505

