[FormExportaFcVta_XML]
FormVersion=0
ShowCmd=1
Flags=0
PixelsPerInch=96
MinMaxPos(3840x1099)=-1,-1,-1,-1
MinMaxPos=-1,-1,-1,-1
NormPos(3840x1099)=517,92,1287,723
NormPos=517,92,1287,723
ActiveControl=btBuscar
MinMaxPos(3840x1082)=-1,-1,-1,-1
NormPos(3840x1082)=517,92,1287,723
MinMaxPos(3840x1080)=-1,-1,-1,-1
NormPos(3840x1080)=517,92,1287,723

