[FormListadoPedidosPrevision]
FormVersion=0
ShowCmd=1
Flags=0
PixelsPerInch=96
MinMaxPos(3840x1099)=-1,-1,-8,-8
MinMaxPos=-1,-1,-8,-8
NormPos(3840x1099)=244,48,1670,890
NormPos=244,48,1670,890
ActiveControl=Button1
MinMaxPos(3840x1082)=-1,-1,-8,-8
NormPos(3840x1082)=244,48,1670,890
MinMaxPos(1920x1080)=-1,-1,-8,-8
NormPos(1920x1080)=244,48,1670,890

