[FormUnidadesTr]
FormVersion=0
ShowCmd=1
Flags=0
PixelsPerInch=96
MinMaxPos(3840x1080)=-1,-1,-1,-1
MinMaxPos=-1,-1,-1,-1
NormPos(3840x1080)=657,158,1435,325
NormPos=657,158,1435,325
ActiveControl=btNuevo
MinMaxPos(3440x1440)=-1,-1,-1,-1
NormPos(3440x1440)=657,158,1435,325
MinMaxPos(4480x1200)=-1,-1,-1,-1
NormPos(4480x1200)=657,158,1435,325

