[FormChequeras_2]
FormVersion=0
ShowCmd=1
Flags=0
PixelsPerInch=96
MinMaxPos(2560x1080)=-1,-1,-4,-4
MinMaxPos=-1,-1,-4,-4
NormPos(2560x1080)=365,98,1323,742
NormPos=365,98,1323,742
ActiveControl=btNuevo
MinMaxPos(3840x1080)=-1,-1,-4,-4
NormPos(3840x1080)=365,98,1323,742
MinMaxPos(6400x1200)=-1,-1,-4,-4
NormPos(6400x1200)=365,98,1323,742

