[FormSaldoProveedorMensual]
FormVersion=0
ShowCmd=1
Flags=0
PixelsPerInch=96
MinMaxPos(1920x1080)=-1,-1,-8,-8
MinMaxPos=-1,-1,-8,-8
NormPos(1920x1080)=196,125,1280,804
NormPos=440,72,1798,751
ActiveControl=
MinMaxPos(3840x1082)=-1,-1,-8,-8
NormPos(3840x1082)=196,125,1280,804
MinMaxPos(3840x1080)=-1,-1,-8,-8
NormPos(3840x1080)=440,72,1798,751

