[FormOProduccionProcesando]
FormVersion=0
ShowCmd=1
Flags=0
PixelsPerInch=96
MinMaxPos(1280x1024)=-1,-1,-1,-1
MinMaxPos=-1,-1,-1,-1
NormPos(1280x1024)=337,131,909,570
NormPos=337,131,909,570
ActiveControl=dbgMovimientos
MinMaxPos(1920x1080)=-1,-1,-1,-1
NormPos(1920x1080)=337,131,909,570
MinMaxPos(1366x768)=-1,-1,-1,-1
NormPos(1366x768)=337,131,909,570

