[FormListaPoliticasPrecios]
FormVersion=0
ShowCmd=1
Flags=0
PixelsPerInch=96
MinMaxPos(3840x1080)=-1,-1,-4,-4
MinMaxPos=-1,-1,-4,-4
NormPos(3840x1080)=416,71,1542,874
NormPos=416,71,1542,874
ActiveControl=dbgArticulos
MinMaxPos(1920x1080)=-1,-1,-4,-4
NormPos(1920x1080)=416,71,1542,874
MinMaxPos(6400x1200)=-1,-1,-4,-4
NormPos(6400x1200)=416,71,1542,874

