[FormOCompraAutorizar]
FormVersion=0
ShowCmd=1
Flags=0
PixelsPerInch=96
MinMaxPos(1920x1080)=-1,-1,-1,-1
MinMaxPos=-1,-1,-1,-1
NormPos(1920x1080)=340,116,1018,627
NormPos=340,116,1018,627
ActiveControl=dbgOCompra
MinMaxPos(3840x1082)=-1,-1,-1,-1
NormPos(3840x1082)=340,116,1018,627
MinMaxPos(3840x1080)=-1,-1,-1,-1
NormPos(3840x1080)=340,116,1018,627

