[FormListadoCpbteVta]
FormVersion=0
ShowCmd=1
Flags=0
PixelsPerInch=96
MinMaxPos(1366x768)=-1,-1,-1,-1
MinMaxPos=-1,-1,-8,-8
NormPos(1366x768)=208,77,1117,748
NormPos=85,84,1137,692
ActiveControl=btSalir
MinMaxPos(1280x1024)=-1,-1,-1,-1
NormPos(1280x1024)=208,77,1117,748
MinMaxPos(2646x1024)=-1,-1,-8,-8
NormPos(2646x1024)=85,84,1137,692

