[FormCargos]
FormVersion=0
ShowCmd=1
Flags=0
PixelsPerInch=96
MinMaxPos(3840x1080)=-1,-1,-1,-1
MinMaxPos=-1,-1,-1,-1
NormPos(3840x1080)=285,163,1063,338
NormPos=285,163,1063,338
ActiveControl=btNuevo
MinMaxPos(2560x1080)=-1,-1,-1,-1
NormPos(2560x1080)=285,163,1063,338
MinMaxPos(4480x1200)=-1,-1,-1,-1
NormPos(4480x1200)=285,163,1063,338

