[FormOCompraImpresion]
FormVersion=0
ShowCmd=1
Flags=0
PixelsPerInch=96
MinMaxPos(1366x768)=-1,-1,-1,-1
MinMaxPos=-1,-1,-1,-1
NormPos(1366x768)=259,126,925,605
NormPos=259,126,925,605
ActiveControl=dbgOCompra
MinMaxPos(1280x1024)=-1,-1,-1,-1
NormPos(1280x1024)=259,126,925,605
MinMaxPos(2646x1024)=-1,-1,-1,-1
NormPos(2646x1024)=259,126,925,605

