[FormIngresoCaja]
FormVersion=0
ShowCmd=1
Flags=0
PixelsPerInch=96
MinMaxPos(3840x1082)=-1,-1,-1,-1
MinMaxPos=-1,-1,-1,-1
NormPos(3840x1082)=369,106,1117,729
NormPos=369,106,1117,729
ActiveControl=btConfirma
MinMaxPos(1920x1080)=-1,-1,-1,-1
NormPos(1920x1080)=369,106,1117,729
MinMaxPos(3840x1080)=-1,-1,-1,-1
NormPos(3840x1080)=369,106,1117,729

