[FormListadoBorradoOC]
FormVersion=0
ShowCmd=1
Flags=0
PixelsPerInch=96
MinMaxPos(3840x1080)=-1,-1,-1,-1
MinMaxPos=-1,-1,-1,-1
NormPos(3840x1080)=173,53,846,636
NormPos=173,53,846,636
ActiveControl=dbgOrdenesDeCompra
MinMaxPos(6400x1200)=-1,-1,-1,-1
NormPos(6400x1200)=173,53,846,636
MinMaxPos(3440x1440)=-1,-1,-1,-1
NormPos(3440x1440)=173,53,846,636

