[FormControlCantidadesStock]
FormVersion=0
ShowCmd=1
Flags=0
PixelsPerInch=96
MinMaxPos(3840x1080)=-1,-1,-4,-4
MinMaxPos=-1,-1,-4,-4
NormPos(3840x1080)=311,122,967,758
NormPos=311,122,967,758
ActiveControl=btBuscar
MinMaxPos(5360x1440)=-1,-1,-4,-4
NormPos(5360x1440)=311,122,967,758
MinMaxPos(2560x1080)=-1,-1,-4,-4
NormPos(2560x1080)=311,122,967,758

