[FormBancos_2]
FormVersion=0
ShowCmd=1
Flags=0
PixelsPerInch=96
MinMaxPos(3840x1099)=-1,-1,-1,-1
MinMaxPos=-1,-1,-1,-1
NormPos(3840x1099)=316,161,898,440
NormPos=316,161,898,440
ActiveControl=btNuevo
MinMaxPos(3840x1082)=-1,-1,-1,-1
NormPos(3840x1082)=316,161,898,440
MinMaxPos(3840x1080)=-1,-1,-1,-1
NormPos(3840x1080)=316,161,898,440

