[FormRemitos]
FormVersion=0
ShowCmd=1
Flags=0
PixelsPerInch=96
MinMaxPos(3840x1082)=-1,-1,-4,-4
MinMaxPos=-1,-1,-4,-4
NormPos(3840x1082)=480,77,1430,762
NormPos=312,63,1262,748
ActiveControl=DBGrillaDetalle
MinMaxPos(3840x1158)=-1,-1,-4,-4
NormPos(3840x1158)=480,77,1430,762
MinMaxPos(3840x1080)=-1,-1,-4,-4
NormPos(3840x1080)=312,63,1262,748

