[FormControlUnidadesStock]
FormVersion=0
ShowCmd=1
Flags=0
PixelsPerInch=96
MinMaxPos(3840x1099)=-1,-1,-8,-8
MinMaxPos=-1,-1,-8,-8
NormPos(3840x1099)=377,114,1455,826
NormPos=377,114,1455,826
ActiveControl=rxcbMarca
MinMaxPos(3840x1082)=-1,-1,-8,-8
NormPos(3840x1082)=377,114,1455,826
MinMaxPos(1920x1080)=-1,-1,-8,-8
NormPos(1920x1080)=377,114,1455,826

