[FormRubro_2]
FormVersion=0
ShowCmd=1
Flags=0
PixelsPerInch=96
MinMaxPos(3286x1080)=-1,-1,-1,-1
MinMaxPos=-1,-1,-1,-1
NormPos(3286x1080)=524,180,1208,347
NormPos=524,180,1208,347
ActiveControl=btNuevo
MinMaxPos(3046x1050)=-1,-1,-1,-1
NormPos(3046x1050)=524,180,1208,347
MinMaxPos(1920x1080)=-1,-1,-1,-1
NormPos(1920x1080)=524,180,1208,347

