[FormImportacionFacturasVtaGral]
FormVersion=0
ShowCmd=1
Flags=0
PixelsPerInch=96
MinMaxPos(2646x1024)=0,790,-1,-1
MinMaxPos=-1,-1,-1,-1
NormPos(2646x1024)=121,12,1143,675
NormPos=157,1,1179,664
ActiveControl=dbgMovimientos
MinMaxPos(1366x768)=-1,-1,-1,-1
NormPos(1366x768)=157,1,1179,664
MinMaxPos(3286x1080)=0,790,-1,-1
NormPos(3286x1080)=121,12,1143,675

