[FormImportarFacturaCompra]
FormVersion=0
ShowCmd=1
Flags=0
PixelsPerInch=96
MinMaxPos(1366x768)=-1,-1,-1,-1
MinMaxPos=-1,-1,-1,-1
NormPos(1366x768)=164,19,1112,621
NormPos=208,159,1156,761
ActiveControl=dbcComprobante
MinMaxPos(1280x1024)=-1,-1,-1,-1
NormPos(1280x1024)=164,19,1112,621
MinMaxPos(2646x1024)=-1,-1,-1,-1
NormPos(2646x1024)=208,159,1156,761

