[FormVentasVsCobranza]
FormVersion=0
ShowCmd=1
Flags=0
PixelsPerInch=96
MinMaxPos(1366x768)=-1,-1,-1,-1
MinMaxPos=-1,-1,-1,-1
NormPos(1366x768)=201,98,999,649
NormPos=201,98,999,649
ActiveControl=dbgSaldos
MinMaxPos(1280x1024)=-1,-1,-1,-1
NormPos(1280x1024)=201,98,999,649
MinMaxPos(2646x1024)=-1,-1,-1,-1
NormPos(2646x1024)=201,98,999,649

