[FormOCompraAutorizar]
FormVersion=0
ShowCmd=1
Flags=0
PixelsPerInch=96
MinMaxPos(1366x768)=-1,-1,-1,-1
MinMaxPos=-1,-1,-1,-1
NormPos(1366x768)=340,116,1018,627
NormPos=215,93,893,604
ActiveControl=dbgOCompra
MinMaxPos(1280x1024)=-1,-1,-1,-1
NormPos(1280x1024)=340,116,1018,627
MinMaxPos(2646x1024)=-1,-1,-1,-1
NormPos(2646x1024)=215,93,893,604

