[FormOCompraAutorizar]
FormVersion=0
ShowCmd=1
Flags=0
PixelsPerInch=96
MinMaxPos(3840x1080)=-1,-1,-1,-1
MinMaxPos=-1,-1,-4,-4
NormPos(3840x1080)=340,116,1018,627
NormPos=398,49,1076,704
ActiveControl=dbgOCompra
MinMaxPos(6400x1200)=-1,-1,-1,-1
NormPos(6400x1200)=340,116,1018,627
MinMaxPos(2560x1080)=-1,-1,-4,-4
NormPos(2560x1080)=398,49,1076,704

