[FormBuscadorTipoCpbte]
FormVersion=0
ShowCmd=1
Flags=0
PixelsPerInch=96
MinMaxPos(3840x1082)=-1,-1,-1,-1
MinMaxPos=-1,-1,-1,-1
NormPos(3840x1082)=560,321,1145,730
NormPos=560,321,1145,730
ActiveControl=dbgTipo
MinMaxPos(3840x1158)=-1,-1,-1,-1
NormPos(3840x1158)=560,321,1145,730
MinMaxPos(3840x1080)=-1,-1,-1,-1
NormPos(3840x1080)=560,321,1145,730

