[FormAsignacionesPersonal]
FormVersion=0
ShowCmd=1
Flags=0
PixelsPerInch=96
MinMaxPos(2560x1080)=-1,-1,-1,-1
MinMaxPos=-1,-1,-1,-1
NormPos(2560x1080)=166,418,1158,889
NormPos=843,35,1835,506
ActiveControl=btBuscar
MinMaxPos(3440x1440)=-1,-1,-1,-1
NormPos(3440x1440)=166,418,1158,889
MinMaxPos(3840x1080)=-1,-1,-1,-1
NormPos(3840x1080)=843,35,1835,506

