[FormComposicionDeudaVta]
FormVersion=0
ShowCmd=1
Flags=0
PixelsPerInch=96
MinMaxPos(1280x1024)=-1,-1,-1,-1
MinMaxPos=-1,-1,-1,-1
NormPos(1280x1024)=114,87,1133,798
NormPos=54,128,1073,839
ActiveControl=btBuscar
MinMaxPos(1366x768)=-1,-1,-1,-1
NormPos(1366x768)=114,87,1133,798
MinMaxPos(2646x1024)=-1,-1,-1,-1
NormPos(2646x1024)=54,128,1073,839

