[FormGastosIngresosConsolidados]
FormVersion=0
ShowCmd=1
Flags=0
PixelsPerInch=96
MinMaxPos(3840x1099)=-1,-1,-8,-8
MinMaxPos=-1,-1,-8,-8
NormPos(3840x1099)=228,39,1247,840
NormPos=228,39,1247,840
ActiveControl=Desde
MinMaxPos(3840x1082)=-1,-1,-8,-8
NormPos(3840x1082)=228,39,1247,840
MinMaxPos(1920x1080)=-1,-1,-8,-8
NormPos(1920x1080)=228,39,1247,840

