[FormChequeras_2]
FormVersion=0
ShowCmd=1
Flags=0
PixelsPerInch=96
MinMaxPos(2646x1024)=-1,-1,-1,-1
MinMaxPos=-1,-1,-8,-8
NormPos(2646x1024)=91,127,859,694
NormPos=497,45,1455,680
ActiveControl=dbgListado
MinMaxPos(4652x1080)=-1,-1,-1,-1
NormPos(4652x1080)=91,127,859,694
MinMaxPos(5206x1080)=-1,-1,-8,-8
NormPos(5206x1080)=497,45,1455,680

