[FormInscripcion_2]
FormVersion=0
ShowCmd=1
Flags=0
PixelsPerInch=96
MinMaxPos(1366x768)=-1,-1,-1,-1
MinMaxPos=-1,-1,-1,-1
NormPos(1366x768)=170,166,975,405
NormPos=170,166,975,405
ActiveControl=btSalir
MinMaxPos(1280x1024)=-1,-1,-1,-1
NormPos(1280x1024)=170,166,975,405
MinMaxPos(2646x1024)=-1,-1,-1,-1
NormPos(2646x1024)=170,166,975,405

