[FormGrupoDetalleFactura]
FormVersion=0
ShowCmd=1
Flags=0
PixelsPerInch=96
MinMaxPos(3840x1080)=-1,-1,-1,-1
MinMaxPos=-1,-1,-1,-1
NormPos(3840x1080)=277,227,951,394
NormPos=277,227,951,394
ActiveControl=btSalir
MinMaxPos(6400x1200)=-1,-1,-1,-1
NormPos(6400x1200)=277,227,951,394
MinMaxPos(4480x1200)=-1,-1,-1,-1
NormPos(4480x1200)=277,227,951,394

