[FormCpbteCtdo_2]
FormVersion=0
ShowCmd=1
Flags=0
PixelsPerInch=96
MinMaxPos(1920x1080)=-1,-1,-4,-4
MinMaxPos=-1,-1,-4,-4
NormPos(1920x1080)=396,66,1276,767
NormPos=396,66,1276,767
ActiveControl=RxCTipoCpbte
MinMaxPos(4480x1080)=-1,-1,-4,-4
NormPos(4480x1080)=396,66,1276,767
MinMaxPos(3840x1158)=-1,-1,-4,-4
NormPos(3840x1158)=396,66,1276,767

