[FormPrevisionCompraProveedor]
FormVersion=0
ShowCmd=1
Flags=0
PixelsPerInch=96
MinMaxPos(1920x1080)=-1,-1,-4,-4
MinMaxPos=-1,-1,-4,-4
NormPos(1920x1080)=270,63,1380,760
NormPos=270,63,1380,760
ActiveControl=dbgPedidos
MinMaxPos(4480x1080)=-1,-1,-4,-4
NormPos(4480x1080)=270,63,1380,760
MinMaxPos(3840x1158)=-1,-1,-4,-4
NormPos(3840x1158)=270,63,1380,760

